PASS: tail certificate verified
  lhs_hi = 0.00049564538538026182058704300790179688092278075367274030760068997374085675425293730
  rhs_lo = 0.12996509635498965741631810387056013901929080418736245843312298350572111846703838
